5 5 1
6 6 1
7 7 1 
8 7 0.875
9 8 0.889
10 9 0.9
11 9 0.818
12 10 0.833
13 10 0.769
14 11 0.786
15 12 0.8
16 12 0.75
17 13 0.765
18 13 0.722
19 14 0.737
20 15 0.750
21 15 0.714
22 16 0.727
23 16 0.696
24 17 0.708
25 18 0.720
26 18 0.692
27 19 0.704
28 19 0.679
29 20 0.690
30 20 0.667
31 21 0.677
32 22 0.688
33 22 0.668
34 23 0.676
35 23 0.657
36 24 0.667
37 24 0.649
38 25 0.658
39 26 0.667
40 26 0.65
41 27 0.661184232067156
42 28 0.660405612997678
43 28 0.659706373614847
44 29 0.659078421213384
45 30 0.658514488133835
46 30 0.658008047649701
47 31 0.657553238429828
48 32 0.657144796701804
49 32 0.656777995331247
50 33 0.656448589111923
51 33 0.656152765633497
52 34 0.655887101158287
53 35 0.655648520996346
54 35 0.655434263920285
55 36 0.655241850207977
56 37 0.655069052943285
57 37 0.654913872242664
58 38 0.654774512109342
59 39 0.654649359647201
60 39 0.654536966393788
61 40 0.654436031556418
62 41 0.654345386957339
63 41 0.654263983513726
64 42 0.654190879096042
65 43 0.654125227624216
66 43 0.654066269275465
67 44 0.654013321690427
68 44 0.653965772075814
69 45 0.653923070112197
70 46 0.653884721584842
71 46 0.653850282663871
72 47 0.653819354767562
73 48 0.653791579949329
74 48 0.653766636754998
75 49 0.653744236502431
76 50 0.653724119940438
77 50 0.653706054248312
78 51 0.653689830341259
79 52 0.653675260450540
80 52 0.653662175950308
81 53 0.653650425406011
82 54 0.653639872821744
83 54 0.653630396066294
84 55 0.653621885459643
85 56 0.653614242503573
86 56 0.653607378741697
87 57 0.653601214735695
88 58 0.653595679145928
89 58 0.653590707905788
90 59 0.653586243480213
91 59 0.653582234199800
92 60 0.653578633662809
93 61 0.653575400198126
94 61 0.653572496382976
95 62 0.653569888609813
96 63 0.653567546697358
97 63 0.653565443541291
98 64 0.653563554800560
99 65 0.653561858615667
100 65 0.653560335355675
