0.028
0.062
0.062
0.062
0.08
0.084
0.102
0.118
0.126
0.128
0.186
0.206
0.212
0.244
0.246
0.274
0.32
0.32
0.332
0.378
0.426
0.456
0.512
0.52
0.568
0.622
0.646
0.72
0.762
0.832
0.908
1.002
1.064
1.084
1.132
1.168
1.232
1.344
1.44
1.592
1.722
1.758
1.898
2.096
2.316
2.366
2.692
2.78
2.994
3.086
3.134
3.184
3.396
3.454
3.628
3.958
4.168
4.262
4.574
4.714
4.864
4.976
5.1
5.192
5.6
5.728
5.87
6.062
6.14
6.398
6.59
6.716
6.854
7.328
7.726
7.8
8.098
8.346
8.476
8.674
9.008
9.168
9.366
9.776
10.292
10.468
10.74
11.07
11.502
11.826
12.06
12.668
12.838
13.008
13.972
14.33
14.77
15.162
15.368
15.87
16.18
17.042
17.966
18.214
18.77
18.956
19.536
19.718
19.948
20.644
20.9
21.134
21.978
22.184
22.652
23.482
24.372
24.628
25.028
26.058
26.222
