0.072
0.166
0.166
0.166
0.204
0.218
0.242
0.29
0.302
0.312
0.386
0.41
0.418
0.474
0.476
0.504
0.564
0.566
0.59
0.654
0.682
0.698
0.764
0.782
0.812
0.858
0.884
0.92
0.982
1.028
1.058
1.128
1.16
1.18
1.222
1.254
1.292
1.382
1.438
1.524
1.592
1.612
1.684
1.766
1.846
1.886
2.012
2.058
2.17
2.216
2.26
2.31
2.414
2.454
2.534
2.644
2.746
2.784
2.922
2.966
3.05
3.114
3.152
3.196
3.33
3.384
3.448
3.532
3.576
3.656
3.75
3.79
3.862
4.054
4.212
4.248
4.356
4.418
4.48
4.592
4.708
4.774
4.88
4.996
5.164
5.254
5.34
5.44
5.578
5.692
5.752
5.968
6.042
6.108
6.31
6.454
6.54
6.646
6.69
6.8
6.862
7.09
7.282
7.354
7.458
7.526
7.636
7.662
7.726
7.886
7.978
8.082
8.278
8.342
8.458
8.664
8.936
9.026
9.12
9.324
9.384
