0.028
0.062
0.062
0.062
0.08
0.084
0.102
0.118
0.126
0.128
0.186
0.206
0.212
0.244
0.246
0.274
0.32
0.32
0.332
0.378
0.426
0.456
0.512
0.52
0.568
0.622
0.646
0.72
0.762
0.832
0.908
1.002
1.064
1.084
1.132
1.168
1.232
1.344
1.44
1.592
1.722
1.758
1.898
2.096
2.316
2.366
2.692
2.78
2.994
3.086
3.134
3.184
3.396
3.454
3.628
3.986
4.196
4.29
4.634
4.774
4.924
5.036
5.16
5.252
5.684
5.812
5.966
6.166
6.244
6.502
6.8
6.926
7.072
7.526
7.934
8.008
8.34
8.59
8.72
8.918
9.292
9.49
9.756
10.216
10.732
10.908
11.284
11.614
12.046
12.408
12.772
13.384
13.68
13.85
14.86
15.28
15.72
16.298
16.552
17.09
17.536
18.554
19.758
20.16
20.77
21.068
21.648
21.84
22.07
22.938
23.206
23.458
24.536
25.21
25.634
27.1
28.14
28.712
29.19
30.658
30.822
