0.074
0.177
0.177
0.177
0.217
0.23
0.247
0.304
0.312
0.331
0.41
0.443
0.463
0.523
0.557
0.587
0.636
0.682
0.713
0.804
0.824
0.875
0.93
0.966
1.011
1.075
1.15
1.173
1.253
1.314
1.345
1.403
1.465
1.51
1.642
1.713
1.758
1.848
1.893
1.937
2.046
2.101
2.196
2.268
2.378
2.458
2.553
2.664
2.758
2.866
3.068
3.185
3.322
3.422
3.515
3.651
3.744
3.834
3.959
4.076
4.207
4.348
4.527
4.674
4.78
4.909
5.046
5.159
5.336
5.422
5.608
5.778
5.917
6.065
6.199
6.394
6.478
6.637
6.837
6.994
7.176
7.311
7.529
7.636
7.77
7.946
8.131
8.34
8.55
8.779
8.918
9.084
9.296
9.512
9.775
9.949
10.199
10.433
