0.028
0.105
0.105
0.105
0.148
0.154
0.166
0.22
0.223
0.245
0.352
0.451
0.473
0.551
0.608
0.677
0.763
0.84
0.897
1.066
1.102
1.216
1.403
1.453
1.517
1.679
1.815
1.867
2.068
2.238
2.322
2.463
2.597
2.778
3.069
3.272
3.452
3.645
3.754
3.87
4.092
4.245
4.521
4.761
5.101
5.303
5.631
5.939
6.239
6.573
7.281
7.658
8.09
8.389
8.71
9.164
9.486
9.913
10.356
10.691
11.204
12.019
12.527
13.055
13.422
13.903
14.432
14.991
15.765
16.128
16.986
17.612
18.481
19.098
19.723
20.525
21.017
21.73
22.433
23.245
24.272
24.967
26.087
26.664
27.239
28.097
29.088
30.424
31.746
33.07
33.742
34.856
36.188
37.122
38.651
39.464
40.731
42.454
