0.028
0.105
0.105
0.105
0.148
0.154
0.166
0.22
0.223
0.245
0.352
0.451
0.473
0.551
0.608
0.677
0.763
0.84
0.897
1.066
1.102
1.216
1.432
1.482
1.546
1.729
1.865
1.917
2.118
2.295
2.379
2.614
2.835
3.175
3.468
3.704
3.962
4.189
4.3
4.422
4.642
4.802
5.084
5.419
5.775
5.976
6.289
6.626
6.954
7.318
8.039
8.407
8.888
9.209
9.611
10.364
10.853
11.293
11.764
12.184
12.827
13.871
14.467
15.111
15.561
16.076
16.809
17.434
18.615
19.148
19.992
20.872
21.874
22.744
23.625
24.879
25.827
26.772
27.681
28.923
30.205
31.284
32.874
33.738
34.546
36.01
37.298
39.232
41.056
42.873
43.89
45.452
47.583
49.147
51.72
