0.074
0.177
0.177
0.177
0.217
0.23
0.247
0.304
0.312
0.331
0.41
0.443
0.463
0.523
0.557
0.587
0.636
0.682
0.713
0.804
0.824
0.875
0.933
0.969
1.014
1.081
1.156
1.179
1.259
1.324
1.355
1.421
1.491
1.547
1.68
1.755
1.804
1.898
1.944
1.988
2.097
2.156
2.252
2.335
2.448
2.528
2.618
2.731
2.828
2.934
3.136
3.253
3.397
3.499
3.601
3.769
3.889
3.977
4.105
4.234
4.374
4.523
4.717
4.889
5.001
5.137
5.303
5.421
5.649
5.748
5.933
6.147
6.293
6.48
6.663
6.916
7.055
7.247
7.474
7.68
7.876
8.053
8.337
8.488
8.646
8.892
9.096
9.373
9.632
9.923
10.098
10.302
10.595
10.892
11.253
