0.0885
0.2565
0.2565
0.2565
0.3355
0.3585
0.3735
0.4685
0.506
0.5245
0.6285
0.6805
0.7125
0.857
0.893
0.9525
1.052
1.1095
1.1575
1.332
1.418
1.4915
1.6795
1.764
1.838
2.0315
2.146
2.276
2.4715
2.649
2.77
2.963
3.1145
3.247
3.479
3.6335
3.818
4.129
4.271
4.4715
4.8405
5.001
5.137
5.38
5.6295
5.832
6.1065
6.3535
6.583
6.8325
7.0845
7.248
7.58
7.8805
8.131
8.397
8.6375
8.903
9.23
9.4595
9.7995
10.0935
10.38
10.6845
11.0245
11.292
11.6835
12.1115
12.317
12.5865
13.0635
13.415
13.708
14.0715
14.479
14.844
15.2735
15.5425
15.9175
16.2045
16.597
16.8775
17.298
