0.079
0.375
0.375
0.375
0.605
0.638
0.652
1.003
1.0515
1.087
1.298
1.4235
1.482
1.941
2.0535
2.2025
2.5185
2.6765
2.809
3.377
3.6305
3.853
4.471
4.722
4.978
5.771
6.246
6.6505
7.4905
8.0885
8.534
9.4385
9.994
10.6355
11.7865
12.5015
13.379
14.9185
15.6965
16.583
18.8895
19.636
20.256
21.76
23.0525
24.151
25.9715
27.2585
28.5695
30.589
32.2725
33.245
35.828
37.556
39.05
41.4435
43.3525
45.3305
47.767
49.4645
51.7235
54.2155
56.1635
58.638
62.164
64.388
68.255
72.002
74.1165
76.6845
81.6835
85.0345
87.5305
91.4395
95.5665
99.1145
103.8185
106.98
110.672
114.253
118.954
121.877
126.443
